10
100
10002
1002
10022
10025
10026
10027
10039
1004
10056
10059
10060
10068
1007
10071
10075
1010
10110
10111
10114
10130
10139
10141
10145
10148
10154
10155
10160
10167
10169
10176
1018
10187
102
10208
10213
10215
10223
10226
10228
1023
10232
10236
1024
10262
10269
10277
10288
10289
10297
103
1030
10304
10320
10322
10328
10332
10342
10346
10348
10349
10355
10358
10361
10362
10368
1038
10389
104
10400
1041
10411
10453
10455
10462
10464
10466
10468
10473
10474
10480
10490
10497
10508
10509
10519
1052
10530
1054
10544
10546
10548
1057
10573
10576
10579
10590
10595
10602
10617
10622
10623
10626
10631
10635
10638
10649
10656
1066
10669
1067
10671
10678
10679
10683
10687
10692
10698
107
10702
10707
10711
10712
1072
10724
10727
10734
10744
10758
1076
10773
10779
10786
10788
108
1080
10808
1081
10815
10817
10821
10823
10824
10827
10856
10859
10867
10876
10878
10882
10883
10892
109
10900
10910
10912
10921
10923
10937
10940
10944
10947
10955
10957
1096
10963
10966
1097
10978
1098
10982
10988
10989
1099
10995
11
110
11003
11008
11013
11016
11032
11033
11046
11048
11050
11053
11058
11063
11074
11082
11098
111
11110
11114
11115
11126
11152
11163
11164
11166
11175
11177
11187
1121
11216
11227
11239
11240
11251
11252
11253
11265
11270
11271
11279
11282
11285
11286
1129
113
11309
11310
11311
11320
11333
1134
11340
11345
11354
1136
11370
11374
11377
11392
11398
114
11400
11404
1142
11434
1144
11447
1145
11456
11457
11466
11469
11472
11479
1148
11485
11486
11487
11489
11494
11497
1150
1152
11523
11533
11536
11538
11539
11542
11547
11550
11551
11557
11569
11583
11586
11588
11604
11607
11609
1161
11610
11618
11620
11622
11624
11633
1164
11640
11646
1165
11667
1167
11672
11677
11685
11687
11688
1169
117
1171
11728
11737
11739
11750
11755
11758
11761
11766
1177
11771
11774
11778
1178
11783
11789
11792
11795
11801
11804
11809
11817
11820
11826
1183
11849
11858
11866
11882
11884
11897
11898
119
1190
11907
11909
11919
1192
11924
11928
11929
11931
11934
11938
11947
11960
11962
11965
11966
1197
11972
11974
11977
11978
11989
12000
12005
12013
12017
12029
12031
12042
12045
12047
12051
12052
12059
12076
1208
12080
12085
12092
12099
121
1210
12105
12116
12117
1214
12140
12144
12151
12153
12157
12158
12171
12178
12179
1218
12181
1219
12191
12198
1220
12200
12204
12210
12212
12213
12216
12226
1223
12248
12268
12273
12280
12284
12288
12299
123
1230
12300
1231
12312
12316
12317
12320
12322
12331
12334
12342
12348
12356
1236
12373
12378
12379
1238
12382
12384
12388
12390
12391
1241
12427
1243
12437
12439
12451
12452
12454
12456
12479
12482
125
12513
12515
12526
1253
12534
12535
12545
12552
12557
12558
12560
12573
12578
12582
12584
12594
12608
1261
12614
12615
12616
12619
12621
12626
12627
12628
12630
12631
12632
12640
12649
1265
12653
12654
12660
12672
12686
1269
12696
12698
12699
127
12700
12705
12712
12714
12716
12717
12731
12738
12740
12750
12754
12761
12766
12771
12777
12779
1279
12791
12795
12796
12803
12818
12826
12831
12833
12837
12838
12840
12841
12854
12856
12862
12864
12869
1287
12872
12875
12876
12887
12894
12897
129
12914
12917
1292
12920
12923
12930
1294
12944
12952
12955
12992
12996
13
130
13015
13016
13017
13020
13021
13022
13024
13025
13028
1303
13036
1304
13040
13045
13047
13057
1306
13062
13074
13075
13081
131
1310
13104
13134
1314
13140
13145
1315
13159
13172
13175
13183
13191
13194
132
1320
13203
13207
1321
13216
1322
13222
13224
13239
13240
13241
1325
1326
13273
13292
13296
1330
13302
13309
13314
13317
1332
13320
1333
13330
13337
13338
13349
13351
13352
13353
13357
13358
13363
13369
13370
13374
1338
13381
13382
13386
13397
134
13400
13402
13404
1342
13422
13426
13432
1344
13440
13445
13448
1345
13464
13470
13476
13479
13496
13498
135
1350
13504
13508
1351
13510
13512
13514
13523
13529
13530
1356
13563
1357
13583
13588
13596
13606
1361
13619
1362
13625
1363
13634
13643
13647
13649
1365
1366
13678
13682
13690
13696
13708
1371
13712
13730
1374
13753
13759
13760
13767
13769
13772
13775
13779
13787
13788
13791
13799
13802
1381
13811
13818
13820
13850
13855
13861
13868
13869
13881
13888
13892
13896
1390
13903
13904
13921
13937
1395
13950
13957
1397
13985
1399
13992
14
140
14004
14017
1402
14025
14034
14036
14039
1405
14060
1407
14074
14083
14089
1409
14097
14098
141
14100
14106
14111
14112
14115
14118
14137
14142
14143
14144
14155
14188
14189
14192
14209
14216
14223
14230
14232
14236
14245
14255
1426
14267
14281
14290
14294
14295
14308
1431
14311
14324
14325
14326
14334
14341
1435
1437
14373
14377
14392
144
14400
14408
14414
14417
14425
14439
14445
14448
1445
14465
14466
1447
14472
14482
14495
1450
14503
14504
14512
14514
14522
14523
14529
14535
14569
14576
14587
14598
1462
14635
1464
14672
14677
14687
14693
14698
147
1471
1472
14722
14729
14736
14744
14755
14756
14763
1477
14775
148
1480
14803
14807
14812
14814
14819
1483
14847
14858
14861
14865
14869
1487
14886
14891
14899
149
14911
14912
14922
14923
14926
14928
14934
1494
14941
14954
1496
1497
14980
14986
14994
14998
14999
150
1500
15005
15031
15032
15036
15038
15049
15069
1507
15071
15078
1508
1509
15090
15092
15105
15107
1512
15124
15128
1513
15130
15132
15143
15155
1516
15172
15182
1519
15196
15209
15227
15233
15240
15246
15247
15258
1526
15270
15275
15278
15285
15294
15297
15299
153
1530
15300
15301
15308
15312
15334
15335
15379
1538
15391
15394
15395
154
1541
15421
15428
1544
15442
15449
15454
15456
15465
15467
15474
15477
15479
155
15506
1553
15538
15545
15557
15568
1558
15584
15587
1559
15594
15596
156
15601
15608
15613
15623
15626
15639
15643
15650
1566
15663
15665
15676
15677
15682
15689
15698
1570
15705
15708
15719
15721
15723
15733
15742
15744
15748
15749
1575
15761
15775
15776
15780
15827
15834
15841
15845
15846
15848
1585
15851
1586
15869
15872
15875
1588
15880
159
15913
15914
15923
15928
1594
15954
15955
15957
15959
1597
15978
15980
15999
160
16000
1601
16018
16025
16034
16035
16042
16043
16059
16076
16087
1609
16095
161
16109
16115
16117
16125
16145
16153
16156
16158
1617
16171
1619
16204
16205
16212
16216
16219
16232
16235
16253
16256
1626
16260
16261
16268
1627
16299
1632
16326
16335
16342
16348
16349
1636
16367
1637
16370
16375
16377
1638
16385
16397
16425
16426
16428
16439
16442
1645
16451
16457
1646
16465
16478
1648
16480
16498
16499
16501
16503
16504
16508
16520
16523
16524
16535
16540
16545
16549
16553
16561
16564
16566
16571
1658
16582
16584
16594
16595
16600
16605
16608
16609
1661
16610
1662
1664
16643
1666
1668
16680
16699
167
16706
16715
16725
16726
16734
16737
16757
16760
16761
1677
1678
1679
16793
168
16803
16824
16838
16844
16857
16863
1687
1688
16880
16883
16887
16889
16892
16894
169
1690
16917
16931
16932
16946
16957
16963
16973
16975
16976
16978
16984
16986
16989
16993
17
170
17015
17016
17018
17024
17026
1703
17037
1704
17044
17050
17054
1706
17066
17074
17076
17078
17084
17085
17089
1709
17095
1710
17106
1711
1712
17121
17127
17128
1714
17155
17181
1719
17194
17196
172
17202
17203
17204
1721
17222
1723
1724
17240
17245
17269
1727
17276
17289
17290
17297
17299
173
17328
1734
17340
1736
17374
17382
17388
17390
17396
17422
17424
17441
17454
17459
17460
1748
17481
17482
1749
17498
17510
17516
17520
17528
17530
17535
17540
17548
1755
17560
17564
17576
1758
17580
17585
1759
176
17600
17601
17602
17614
17617
17619
1762
17628
17631
17632
17633
17648
17667
17673
17682
177
17703
17706
17707
1771
17715
17717
17718
17721
17731
17732
17743
17744
17745
17746
17752
17754
17761
17762
17763
17764
17765
17772
17782
17788
178
17805
17814
17816
17831
1784
17847
17852
1786
17860
17866
17871
17873
17875
17879
179
1791
17918
17919
17927
17943
17944
1796
17968
17974
1798
17983
18
1800
1802
18020
18025
18026
18039
18044
18062
18065
18068
1808
18087
1809
181
18111
18128
1813
18143
18148
18161
18163
18177
18185
18191
182
18211
18215
18216
18217
18225
18273
18282
18286
18294
183
1830
18303
18321
18334
18338
1834
18342
18352
18368
1837
18374
1839
18392
18395
18396
184
1842
18429
1844
18442
1846
18463
1847
18482
18484
18495
185
18500
1852
18521
18541
18546
1856
18575
18578
18583
18598
186
18600
18610
18630
18632
18650
18685
187
18712
18725
18726
1873
18732
18733
18734
1874
18771
18777
18782
188
1880
18802
1882
18835
18859
18883
18888
18897
18898
1890
1893
18936
18937
18960
18972
18975
18977
18986
1899
18991
19
190
19003
19013
19017
19021
1903
19030
19037
19038
19039
19049
19051
19056
19082
19087
19097
19107
19120
19126
19134
19136
19138
19151
19160
19169
19177
1918
19180
19196
192
19220
19224
19230
19241
19259
19262
19295
193
19305
19306
19324
19350
1936
19364
19366
19377
19378
19387
19388
19389
19392
194
1940
1941
19434
19436
19445
1945
19455
19463
19467
19484
19487
19504
19513
19519
19520
19523
19530
19531
19533
19534
19551
19554
19560
19575
19577
19591
19595
19604
1961
19610
19612
19614
1962
19625
1963
19645
19674
19676
19689
1969
1970
19704
19709
19718
1972
19725
19731
19732
19736
1976
19770
1978
19790
19798
198
1980
19802
19807
1981
19817
19824
19838
1984
19843
1986
19863
19864
19876
19881
19888
1989
19897
199
19900
19904
19905
19909
1991
19913
19918
19919
19925
19946
19948
19951
19953
19959
19962
19968
19974
19979
19989
19990
2
20
200
20012
2002
20021
20025
20029
20030
20032
20033
20043
20049
20050
20051
2006
20066
2007
20087
2009
201
20107
20117
2014
20167
2018
20180
2019
20191
202
20203
20204
20217
20230
20235
2024
20245
2027
20275
20276
203
20318
2033
20335
20342
20344
20348
20354
20360
20364
20373
2038
20384
20387
20388
20389
20391
204
2040
20423
20426
20433
20441
20452
20453
2047
2048
20483
20484
2049
20497
205
20515
2052
20525
20529
20533
20536
20539
20551
20572
20573
20575
20580
20591
20592
20593
206
20601
20610
20623
20624
20627
20628
2063
20633
20637
20646
2069
20699
207
2070
20717
2072
20723
2073
20734
20747
20754
20760
20763
20774
2079
20791
20803
20835
20838
20843
20845
20847
20848
20857
2086
20872
20877
2088
20891
20893
20899
209
2090
20903
20906
20907
20916
2092
20920
20924
20929
20930
20938
2094
20948
20954
20957
20958
20967
20989
20998
21
21013
21021
21025
21031
21034
21036
21038
21052
2106
21065
21070
21076
2108
21080
2109
211
21103
21104
21105
21111
21115
21121
21129
21136
21143
21144
21164
212
2121
21211
21213
21233
21239
21252
21254
21256
21257
21259
21262
21285
21292
21299
213
21309
2132
21326
21329
21346
21349
2135
21351
2136
21363
21371
2138
21380
2139
21395
214
2140
21409
21412
21417
21424
21431
21440
21442
2145
21472
21483
21484
21486
21491
215
2150
21500
21503
2151
21518
21519
21543
21549
2155
21563
21575
21583
2159
216
2160
21604
21610
21616
2162
21624
21625
21638
21657
21660
21661
21662
21665
2167
21670
21674
21682
21690
21694
21696
2170
21706
2171
21731
2175
21750
21754
2176
21762
21765
2177
21773
21777
2178
218
21804
21821
21822
2183
21837
21841
21843
21849
2185
21866
21869
21879
2188
2189
21890
21891
219
2190
21909
21910
21918
21920
21921
21929
2197
21972
21983
21990
21991
21997
22
220
22002
22003
22006
22012
22017
22025
22026
2203
22037
2204
22060
22065
22067
22075
22078
22082
2210
22104
22121
22131
22142
22159
2217
22173
22174
22178
22186
2219
222
2220
22204
22207
22220
2223
22238
22247
2225
22250
22277
22281
22287
22288
2229
223
2230
22309
22315
22325
22337
22343
22347
22353
22363
22373
22378
22379
2238
22382
22384
2239
22394
224
22404
22405
22406
2241
22416
22420
22421
2243
22447
22448
22453
2249
22509
2252
22520
22521
2254
22554
22563
22566
22570
226
22630
22634
22639
2264
22641
22646
2265
22650
22655
22678
22695
22711
22724
22746
22768
22769
22770
22776
2278
22783
22784
22794
22801
22810
22820
22821
22823
22834
22861
2288
22890
22891
22897
22911
22927
22936
22946
22957
2296
22977
22980
22987
22997
22998
22999
23
230
2303
23035
2304
23053
2306
23068
2307
23072
2308
2309
231
23110
23112
2314
23174
23182
23184
23191
23196
2320
23205
2321
23211
23218
2322
23222
23231
2324
23257
2326
23262
23271
23273
23282
2329
23294
233
2330
2332
2334
23347
2335
23367
2338
23383
23404
2342
23420
23423
2343
23437
2344
23445
23461
2347
23472
2348
2350
23501
23511
23516
2354
23542
23556
2356
23578
23580
2359
23590
23593
23597
23598
236
23607
23614
23615
23625
23626
23637
23638
23646
2365
23656
23668
23672
23684
237
23701
23714
23722
23728
2373
23739
23741
23745
23753
23754
23769
23780
23794
23797
238
2381
23828
23831
23838
23851
23856
2386
23864
2387
23876
2388
23896
239
23909
23910
23920
23929
23938
23964
23973
23988
23990
23993
23996
23997
23998
23999
24
24003
24012
24013
24020
24024
24027
2403
24048
24049
24062
24071
24077
2409
24097
24099
241
24105
2411
24117
2412
24135
24142
24143
2415
24166
24170
2419
242
24201
24219
2423
24247
24250
24272
24282
2429
24290
243
24301
2431
24310
24327
24328
24366
24373
24384
24398
24399
2440
24401
24409
2441
24410
24417
2442
24426
24428
24438
24447
2448
24495
2450
24501
24503
24512
24540
24543
24545
2455
2456
24565
2457
24574
24575
24589
246
24603
24615
24627
24630
24634
24635
24647
2465
24651
2466
24663
24673
24682
24697
2470
24700
24701
24706
24708
24721
24727
24755
24776
24789
24793
248
24804
24807
24808
2482
24822
24830
24831
24839
24842
24851
2486
24874
24879
2488
24903
24926
24935
24938
2494
24940
24946
2495
24958
2496
24960
24971
24980
24981
24988
25
250
25003
25050
25055
2507
2508
25085
25086
25090
25092
25094
25095
25096
251
2510
25100
25123
25124
25140
25142
25143
2515
25152
25156
25161
25168
25170
25190
25196
25199
252
25204
25209
2521
25214
25228
25235
25239
25240
25252
25256
25260
25262
2527
25274
25286
2529
253
2530
25313
2532
25320
25332
2534
25343
25350
25362
25370
25383
2539
254
2540
25412
2542
25432
25444
25452
25460
25480
25489
2551
25513
25517
25528
25540
25546
25599
256
2565
2566
2585
259
2591
2592
2598
260
2601
2606
2610
2613
262
2625
2629
2633
2634
2639
2642
2646
265
2652
2654
2657
2658
266
2661
2662
26637
26641
26647
2665
26653
26654
26659
26664
26666
26667
26689
26693
26710
26717
26729
2674
26741
26744
26748
2675
26750
26752
2676
26760
26763
26769
26776
26794
26807
26812
26815
26818
26824
26831
26855
26860
26861
26886
26888
26890
26898
2690
26910
26915
26922
2694
26946
2695
26955
26972
26991
26999
2700
27006
2701
27014
27015
27016
27017
27018
2703
27045
27056
2706
27061
27070
27078
27090
27098
2711
27112
27118
27124
27147
2715
27165
2717
27179
27183
27198
2720
27210
27217
27218
27219
2722
27221
27233
27255
27284
27290
27295
273
27301
27320
27337
27340
27345
27355
27358
2736
27371
27405
27409
27432
2744
27444
27446
27447
27454
27456
27457
27458
27469
27487
27491
27492
275
27502
27504
27512
27520
27527
27535
27558
2756
27570
27579
27592
276
27610
27615
27633
27644
2765
27662
2767
2784
279
2794
2795
280
2800
2804
2812
2815
2818
2820
2824
283
2833
2834
2835
2837
2838
2839
284
2853
2862
2864
2868
2869
28692
28698
287
28705
28706
28709
2872
28737
28738
2874
28752
28778
28782
288
2881
28818
2882
28835
28839
2886
28860
2889
28892
28895
289
28906
28934
28950
2896
29
290
29003
29007
2904
29040
29043
29057
29062
29064
2907
29071
29076
29091
29107
29110
29111
29117
29119
29130
29140
29141
29166
2919
29199
29203
29209
29212
29213
2923
29230
29232
29247
29252
29253
29266
29282
29284
29303
29322
29346
29361
2937
29371
2939
29391
29392
29399
2942
29422
2943
29439
2945
29450
29459
2946
29477
2948
29504
29511
29527
29535
29538
29550
29563
29572
29632
29639
29643
2965
29659
29677
29679
29680
29687
2970
29726
29734
29743
29754
29785
2979
29815
29826
29828
29837
2984
29862
29865
29868
29893
29894
29897
2990
29902
29905
29927
29937
2994
2995
29961
29965
2997
29980
29989
3
30
300
3001
3002
3003
30037
30043
30045
3005
30054
30058
30061
30071
30079
30095
301
3010
3014
30140
30149
3017
30188
302
3021
30222
3023
30231
30233
30234
3024
30241
30250
3026
30286
30295
30298
303
30328
30329
30330
30341
30343
30347
30366
30377
30388
30389
304
30406
30420
30429
3046
30460
30473
30476
30481
30488
30493
30530
30548
30558
30565
30570
30573
30592
30603
3061
30610
30611
30627
30641
30648
3066
3067
30674
3068
30688
30699
307
30703
30737
30751
30792
30795
30810
30814
30817
3082
3085
3086
30863
30873
30888
30897
30902
30936
30947
3095
30958
30973
30979
30992
310
31002
31022
31027
31030
31031
31032
31034
31046
31050
31066
3107
31071
31077
31078
31092
3111
31112
31116
31117
31126
31131
31136
31186
31193
31199
312
3121
31210
31219
3122
31232
31233
31241
31252
3127
31297
31298
31299
31300
31309
31312
31315
31321
3133
31330
31332
31335
31336
31351
31354
31376
31377
31378
31382
31386
31387
314
31411
31426
31445
3146
31472
31478
31493
31496
31498
315
3150
31515
31523
31542
31546
3155
31558
3156
31562
31573
31586
31595
31598
316
31609
3161
31629
31638
31647
31649
31678
31681
31684
3170
31718
31740
31741
31747
3176
31761
31767
31786
31788
318
31824
3183
31845
31847
3185
31850
31876
319
3192
3193
3196
32
320
3201
3204
3208
3209
321
3218
3219
322
3226
3228
3229
323
3230
3233
3234
3237
324
3241
3245
3249
325
3266
327
3271
328
3286
32880
32898
3290
3293
32949
32952
32953
3298
32982
32983
32986
33
330
3300
33009
33020
33029
33031
33036
33041
33050
33056
33067
33098
3310
33115
33117
33122
33123
33142
33151
33166
3317
33174
3318
33189
332
3320
33223
3325
33250
33261
33267
333
3330
33305
33317
33349
33353
33354
3337
33376
33378
33385
33396
33405
33408
33416
33420
3344
33443
33467
33471
3348
3349
33492
33498
335
33507
33515
33541
33546
33562
33568
33579
33594
336
3361
33630
33634
3364
33645
33650
33667
33679
33704
3371
3372
33724
33739
33751
33763
33765
3377
33788
33789
33800
33818
33830
33849
33850
33856
33858
33863
33874
33879
339
33904
33911
33915
3392
33926
3393
33936
33938
3394
33940
33957
33959
3396
33962
33963
33966
33967
3397
3399
34
34026
34035
34047
34050
34058
34076
34079
34089
34092
34094
341
3412
34135
34136
3414
34163
34165
34167
34175
34197
34217
3422
34259
34275
34276
34285
34287
34297
3430
34301
34306
34328
34330
34334
34338
34393
34403
34404
34416
34421
34428
34436
34443
3447
34470
34475
34485
345
34501
34523
34526
34531
34537
34538
34546
34566
34580
3459
34593
346
34605
34609
34611
34612
34622
34625
34631
3465
3466
34676
34686
34699
34704
34709
34713
34714
34716
34723
34746
34749
34750
34753
34762
34764
3477
34775
34776
34777
34797
348
34802
3481
34837
3486
34877
3488
349
34925
34951
3497
34984
34987
350
35010
35013
35040
3506
35065
35075
35087
35095
351
35106
3513
35130
35132
35154
35169
35179
35182
352
3520
35233
35240
35242
35253
35263
3527
35278
353
35300
35308
35324
3533
3537
35370
3539
35393
354
35406
3542
35422
35429
3545
35453
35463
3547
35478
3548
35481
3549
35501
35504
35510
35512
35517
3552
35523
35525
35532
3554
35545
35557
35559
35566
35567
3558
35623
35645
3566
35681
35716
35726
3573
35730
35740
3576
3578
35797
358
35803
35804
3581
35825
35827
35844
35875
35896
359
3590
35902
35905
35906
35962
35969
3598
36001
3602
3605
36063
36065
36069
36070
36072
36084
36087
36153
3616
36167
3618
36224
36237
36287
36291
36299
363
3630
36325
36329
36340
36344
36352
36360
364
3640
36405
36414
36430
36436
36444
36454
36460
36463
36489
36491
3651
36527
3653
36541
3655
3656
366
36611
36615
36621
36622
36624
36627
3664
3665
36660
3667
36671
367
36704
3674
36756
3676
36768
3677
3678
36788
36797
368
3681
3682
36825
36827
36838
3684
36857
36867
36871
36896
369
3690
36906
36912
36920
36927
3695
3697
3698
37
370
37054
37056
37074
3709
37099
371
37106
37121
3713
37132
3714
37150
3716
37170
37178
37199
37201
37208
37210
37219
3722
37222
37232
37233
37239
37255
37261
37262
37267
37276
37301
37312
37316
37317
37324
37333
3734
37368
37397
37399
374
37427
37460
37466
37467
37472
37496
37498
37521
37533
37542
37543
37547
37559
3759
376
37634
37637
37640
37643
37658
37693
37695
37727
37730
37739
3774
37741
37748
3775
37769
3777
37789
37794
378
3780
37822
37826
37844
37848
3786
37875
37885
37896
379
37910
37912
37914
37935
3794
37947
37950
37964
38
380
3800
38008
38026
38028
38030
3804
3805
38058
38072
38080
38081
381
38107
38120
38163
38169
38184
38185
382
3821
38256
38275
38278
38279
3829
38340
38345
38359
38368
3837
38378
3838
38384
3839
38410
38464
38473
38476
3849
38499
3850
38500
3852
38522
3853
38530
38539
38540
38545
3855
38550
38583
38598
38605
38609
38627
38635
38656
38659
38695
38724
38733
38734
3874
38766
3877
38781
38787
38814
3885
38880
38888
38898
3893
38939
38968
3897
3899
39001
39014
3902
39062
39076
39077
39082
39121
39163
3917
39187
392
3920
39214
3922
39237
3924
39242
39244
39261
39266
39275
39287
39291
39315
3932
39323
3933
39342
39344
3939
39391
394
3941
3943
39474
39476
39481
39484
39488
3949
39492
39497
39512
39545
3955
39575
39586
39587
39595
39598
39600
39652
39655
39657
39658
39660
3968
3972
39722
3973
39736
3974
3975
39752
39760
39761
39767
39787
398
3981
39813
3982
39876
39883
3989
39897
399
3990
39907
39910
39963
3998
40
4005
4006
40063
4008
40102
40107
40108
40118
40127
40133
40143
4015
40159
4016
40162
40169
40199
40230
40260
40264
40280
40282
403
4031
4032
4037
40402
40409
4044
40523
40525
40530
40534
40542
40545
4058
40580
40583
40587
4060
40610
40620
40627
40634
40648
4066
40666
40673
40677
4068
40694
40696
407
40707
40729
40731
40743
40747
40749
40759
40770
40780
4079
40792
408
40814
40824
40826
40854
4086
40863
40874
40894
40900
40908
40910
40916
4092
40937
40953
4096
40986
41
410
41003
41011
41021
4104
41041
41053
4106
41066
4108
4109
411
4110
4116
41164
41168
41170
4119
41192
41194
41199
4120
4122
41224
41232
41240
41242
41260
4127
41278
41301
41319
4132
41320
41340
4135
41353
4136
4137
41370
41387
41388
41391
414
41401
41409
41424
41425
41444
41466
4147
41474
4148
41487
4149
4151
4155
41586
41597
416
41605
4161
41622
41624
4165
41670
41693
4171
41726
4173
41730
41745
41772
41773
41775
41778
41788
4179
41798
4182
41828
41838
4185
41852
41880
41882
419
41905
41907
4191
41911
4192
41923
41932
41937
41945
41971
41987
41995
41999
420
4201
42034
42049
4205
421
42104
42109
42112
4214
42173
42192
422
42206
42211
4223
42238
4225
42258
42269
42276
42332
42344
4236
4238
42393
42394
42398
424
4240
42437
42522
4253
42541
42559
4256
42606
42618
4262
42621
4266
42661
42676
4268
42685
4269
427
4270
4272
42726
42748
42757
42779
42781
4281
4282
42834
42836
42840
42846
4286
42860
42884
42901
42910
42914
42937
4294
42940
4295
4296
4297
42971
42985
42990
42994
43
430
43024
4304
43051
43078
43081
43093
43098
43103
4311
4312
43143
43151
43152
43165
4317
43174
43175
43176
4318
43199
43210
43221
43237
4327
43276
4328
43281
4329
43299
433
4330
43365
43370
4338
43393
43395
43402
43424
4343
43432
43443
4345
43463
4347
43479
43500
4351
43520
4353
43542
43550
43552
43553
43554
43566
43577
43586
43587
43591
43613
43620
43628
43630
43643
4368
43685
43700
43703
43718
43720
4374
43746
438
4380
43801
43808
4382
4385
43857
4386
43862
4387
4388
43896
4390
43909
43915
43916
4393
43932
43933
43941
43944
43990
43991
43995
44
44002
44005
44008
4402
44029
4406
44077
44094
4411
44117
44119
44123
44164
4418
4420
4421
4423
4427
44270
4429
44292
44293
443
44307
44318
44350
44397
44404
4441
44436
44438
44446
44464
4447
44483
44492
44493
4450
44520
44541
44557
4457
4460
44611
44612
44652
44659
4466
4469
44703
44708
44741
44746
44751
4476
44779
4478
44780
448
44807
44811
44817
4484
4487
44879
4488
44883
44892
44897
44901
44920
4494
44967
4497
44987
44997
45
45008
45013
45015
4502
4505
45055
45057
45063
45100
45102
4514
45150
45173
45182
45193
452
45206
45220
45225
45229
4523
45233
4524
4525
45252
4527
45334
45339
45365
45389
4539
4541
4544
45451
45454
45470
45486
45490
45496
4550
4555
45551
4556
45573
45590
4560
45604
45607
45624
45626
4566
45663
45666
45680
45686
45691
45692
45753
4578
45784
458
45802
4583
45836
45860
45888
4589
4591
4593
4597
45980
45985
45990
45996
4600
46003
4601
46022
46024
46025
46046
4616
46160
4617
46184
4623
46230
46233
4624
4626
4627
463
46304
4633
46350
46351
46358
4637
4638
46395
464
4640
4643
4644
46459
46462
4647
46471
46503
4652
46530
46548
46553
466
4661
46612
46626
46628
4663
4664
4665
4666
4667
46712
46729
46747
4675
4676
46786
46797
4680
4682
46823
4683
46835
46858
46861
4689
4691
46944
46956
4699
46990
46996
47
47002
47003
47031
47040
47075
47076
47089
47090
471
47111
4717
4722
4725
473
4738
474
4752
4763
4764
4775
4791
4798
4800
4801
4802
4805
4828
483
4834
4838
4852
486
4879
4883
4888
4894
49
490
4907
491
4915
4916
4917
4918
4925
494
495
4952
4953
4955
4956
4959
4963
4967
4970
498
50
500
5004
501
5022
5028
5033
5039
5040
5042
5044
5045
5060
5062
5063
507
5085
5093
5095
510
5106
5108
5109
5111
5114
5119
513
5133
5136
514
5152
516
5164
5176
5181
5187
5190
5192
5195
5197
5198
520
5200
5202
521
5217
5223
5230
5232
5241
5249
5264
5265
5272
5284
529
5295
5297
53
5304
5305
5311
5312
532
5326
5331
5333
5341
5354
5364
5366
5383
5384
5388
5392
5405
5411
5413
5424
5427
5429
5433
5434
5435
5436
5438
5442
5449
5452
5459
5466
5469
5470
5471
5474
5486
549
5490
5495
5496
5497
55
5500
5502
5507
5511
5533
5547
556
5571
5576
5577
5579
558
5587
559
56
5600
5601
5605
5608
5611
5612
5616
5618
563
5630
5655
5656
5659
566
5669
567
5676
568
5687
5690
5699
57
570
5704
5709
5714
5719
5723
5726
5727
5734
5737
5750
5760
5769
5771
5776
5784
5787
5790
5792
5793
58
580
5804
5805
5810
5813
5820
5821
5822
5823
5829
5830
5832
5838
585
5857
586
5863
5866
5867
5883
5897
59
5900
5901
5907
5909
5910
5912
5920
5936
5939
5951
5952
5957
5971
5973
599
5991
5994
60
6019
6022
6031
6041
6053
6054
6055
6056
6061
6064
6065
6068
6094
6099
6100
6101
6102
6129
6131
6138
614
6141
6148
6151
6157
6163
6174
6181
6188
6194
6196
6197
62
6200
6223
6228
6230
6231
6242
6244
6246
6249
6256
6257
6258
6260
6262
6268
6277
628
6284
6285
6286
629
6298
63
6307
631
6313
6320
6324
6329
6332
6336
6347
6358
6360
6367
6370
6373
6378
6379
6384
6386
6388
6389
6390
6394
6395
6398
6399
64
640
6404
6405
6406
6407
6408
6418
6419
6420
6423
6427
6432
6433
6449
645
6458
6469
6474
6479
6480
6482
6484
6485
6486
6487
6490
6492
6497
6500
6502
651
6514
6518
6527
6529
6550
6552
6559
6565
6570
6574
6584
659
6595
6597
6613
6615
662
6626
6628
6630
6642
6651
6658
666
6661
6667
6675
668
6683
6686
669
6691
6693
6694
6699
67
670
6706
6707
671
6712
6713
6716
6719
672
6729
6731
6732
6734
6735
6739
6749
6757
6758
6762
6769
6772
6776
6791
68
6801
6806
6816
6827
6829
683
6831
6842
6844
6849
6858
6863
687
6872
6876
6884
6896
69
6901
6902
6910
6917
6918
6928
6933
694
6944
6947
6958
6967
6968
6974
6977
6978
698
699
6999
7
7010
7016
7029
703
7035
7042
7052
7054
7067
707
7081
7099
71
7105
7106
7110
7114
712
7129
7148
7154
7155
7162
7165
7168
7179
718
7184
7187
719
7196
7199
72
721
7221
7225
7226
7231
7247
7250
7251
7252
726
7261
7262
7273
7276
7277
7278
7279
7280
7292
73
7301
7306
731
7314
7316
7325
7326
7328
733
7333
7334
7338
7355
736
7361
7368
737
7373
7376
7389
7390
7395
74
740
7405
7408
741
7413
7414
7418
7420
7422
746
7481
7482
7489
749
7492
7493
75
7504
7509
751
7510
7513
7522
7523
7529
7531
7544
7545
7547
7555
7558
7565
7566
7584
7587
7593
7598
7603
7608
7623
7641
7655
7664
7671
7672
7674
7675
7689
7696
7701
7704
7705
7706
7710
7723
7726
7730
7734
7737
7738
7743
7745
7747
775
7755
7758
7769
7771
7783
7784
7790
7795
78
7808
781
7829
7840
7845
7862
7865
7871
7887
7895
7898
79
7900
7915
7918
7928
7932
7933
7934
7941
7943
7944
7952
7963
7967
7982
799
7997
8
802
8022
8030
8033
804
8042
8046
805
8074
8085
8089
809
8103
8105
813
8131
8142
8167
8168
8170
8180
8184
8185
8190
8194
8196
8199
8211
822
8225
8227
8244
825
8253
8269
8272
8277
8282
830
8302
8309
8311
8313
8317
8328
833
8340
8344
8352
8357
8361
8380
8384
839
8394
8399
8408
8427
8429
8430
8437
846
8461
8468
8469
8479
8484
849
85
8507
851
8512
8513
8517
8519
8526
8530
8535
8539
854
8544
8562
8587
8589
859
8590
8596
8597
8603
8605
8609
8613
8615
8621
8639
8646
8650
8658
869
8702
8719
8721
8736
874
8764
8783
8785
8794
88
880
8802
8806
8810
8812
882
883
884
8844
8848
8851
8852
8863
8865
8875
8876
8882
8883
8890
8894
8897
89
891
8919
8922
8924
8928
8965
8967
8983
8987
8990
9027
9038
9040
9044
9060
9063
9064
908
9098
91
9114
9117
912
9129
9130
9131
9136
9141
9148
917
9179
9188
9195
92
920
9202
9220
9222
9230
9240
9241
9263
9279
928
9289
9293
9295
9299
9328
9334
9344
9354
9359
9387
9389
9398
9418
942
9428
943
9434
9438
9439
9445
945
9452
9456
9457
9459
9461
9470
9471
9488
9491
9496
9499
95
9512
9517
9519
9521
9522
9548
9566
9567
9575
9580
9591
9597
96
9603
9604
961
9616
963
964
9645
9653
9655
9657
9666
9669
967
9678
9681
9697
97
970
9706
971
9714
9717
9722
9729
9731
9736
9739
9740
9744
9745
9746
9759
978
9780
9781
9791
980
9800
9802
9807
9822
9833
984
9840
9850
9863
9883
9898
99
9912
9920
993
9939
994
9949
9974
9987
